(kicad_pcb (version 20171130) (host pcbnew "(5.1.2)-2")

  (general
    (thickness 1.6)
    (drawings 11)
    (tracks 950)
    (zones 0)
    (modules 81)
    (nets 61)
  )

  (page A4)
  (layers
    (0 F.Cu signal)
    (31 B.Cu signal)
    (32 B.Adhes user)
    (33 F.Adhes user)
    (34 B.Paste user)
    (35 F.Paste user)
    (36 B.SilkS user)
    (37 F.SilkS user)
    (38 B.Mask user)
    (39 F.Mask user)
    (40 Dwgs.User user)
    (41 Cmts.User user)
    (42 Eco1.User user)
    (43 Eco2.User user)
    (44 Edge.Cuts user)
    (45 Margin user)
    (46 B.CrtYd user)
    (47 F.CrtYd user)
    (48 B.Fab user)
    (49 F.Fab user)
  )

  (setup
    (last_trace_width 0.25)
    (trace_clearance 0.2)
    (zone_clearance 0.508)
    (zone_45_only no)
    (trace_min 0.2)
    (via_size 0.8)
    (via_drill 0.4)
    (via_min_size 0.6)
    (via_min_drill 0.3)
    (uvia_size 0.3)
    (uvia_drill 0.1)
    (uvias_allowed no)
    (uvia_min_size 0.2)
    (uvia_min_drill 0.1)
    (edge_width 0.2)
    (segment_width 0.2)
    (pcb_text_width 0.3)
    (pcb_text_size 1.5 1.5)
    (mod_edge_width 0.16)
    (mod_text_size 0.9 0.9)
    (mod_text_width 0.16)
    (pad_size 1.7 1.7)
    (pad_drill 1)
    (pad_to_mask_clearance 0.051)
    (solder_mask_min_width 0.25)
    (aux_axis_origin 0 0)
    (visible_elements 7FFFFF7F)
    (pcbplotparams
      (layerselection 0x010f0_ffffffff)
      (usegerberextensions false)
      (usegerberattributes false)
      (usegerberadvancedattributes false)
      (creategerberjobfile false)
      (excludeedgelayer true)
      (linewidth 0.150000)
      (plotframeref false)
      (viasonmask false)
      (mode 1)
      (useauxorigin true)
      (hpglpennumber 1)
      (hpglpenspeed 20)
      (hpglpendiameter 15.000000)
      (psnegative false)
      (psa4output false)
      (plotreference true)
      (plotvalue true)
      (plotinvisibletext false)
      (padsonsilk false)
      (subtractmaskfromsilk false)
      (outputformat 1)
      (mirror false)
      (drillshape 0)
      (scaleselection 1)
      (outputdirectory "Gerber Output/"))
  )

  (net 0 "")
  (net 1 GNDREF)
  (net 2 +BATT)
  (net 3 V1)
  (net 4 RESET)
  (net 5 "Net-(C6-Pad1)")
  (net 6 V3)
  (net 7 "Net-(C11-Pad1)")
  (net 8 "Net-(C13-Pad1)")
  (net 9 "Net-(C13-Pad2)")
  (net 10 "Net-(C15-Pad2)")
  (net 11 AMP1_OUT)
  (net 12 AMP2_OUT)
  (net 13 "Net-(C16-Pad2)")
  (net 14 V2)
  (net 15 "Net-(D1-Pad1)")
  (net 16 "Net-(D2-Pad2)")
  (net 17 "Net-(D3-Pad2)")
  (net 18 "Net-(D4-Pad1)")
  (net 19 "Net-(D4-Pad3)")
  (net 20 "Net-(D4-Pad2)")
  (net 21 DEBUG)
  (net 22 SCK)
  (net 23 MOSI)
  (net 24 MISO)
  (net 25 "Net-(M1-Pad1)")
  (net 26 "Net-(M2-Pad1)")
  (net 27 "Net-(Q1-Pad3)")
  (net 28 "Net-(Q1-Pad1)")
  (net 29 "Net-(Q2-Pad1)")
  (net 30 "Net-(Q3-Pad1)")
  (net 31 "Net-(Q3-Pad2)")
  (net 32 "Net-(Q5-Pad1)")
  (net 33 "Net-(Q6-Pad1)")
  (net 34 PB0)
  (net 35 PB1)
  (net 36 PB2)
  (net 37 PB6)
  (net 38 PB7)
  (net 39 CE)
  (net 40 BATT)
  (net 41 PD7)
  (net 42 "Net-(R19-Pad2)")
  (net 43 CHARGE)
  (net 44 "Net-(R21-Pad2)")
  (net 45 BLU_LO)
  (net 46 GRN_LO)
  (net 47 RED_LO)
  (net 48 BLU_HI)
  (net 49 GRN_HI)
  (net 50 RED_HI)
  (net 51 PD3)
  (net 52 "Net-(U6-Pad8)")
  (net 53 TX)
  (net 54 LIGHT)
  (net 55 "Net-(BT1-Pad2)")
  (net 56 "Net-(U1-Pad4)")
  (net 57 "Net-(U2-Pad4)")
  (net 58 "Net-(U3-Pad4)")
  (net 59 "Net-(U4-Pad6)")
  (net 60 "Net-(U4-Pad2)")

  (net_class Default "This is the default net class."
    (clearance 0.2)
    (trace_width 0.25)
    (via_dia 0.8)
    (via_drill 0.4)
    (uvia_dia 0.3)
    (uvia_drill 0.1)
    (add_net AMP1_OUT)
    (add_net AMP2_OUT)
    (add_net BATT)
    (add_net BLU_HI)
    (add_net BLU_LO)
    (add_net CE)
    (add_net CHARGE)
    (add_net DEBUG)
    (add_net GNDREF)
    (add_net GRN_HI)
    (add_net GRN_LO)
    (add_net LIGHT)
    (add_net MISO)
    (add_net MOSI)
    (add_net "Net-(BT1-Pad2)")
    (add_net "Net-(C11-Pad1)")
    (add_net "Net-(C13-Pad1)")
    (add_net "Net-(C13-Pad2)")
    (add_net "Net-(C15-Pad2)")
    (add_net "Net-(C16-Pad2)")
    (add_net "Net-(C6-Pad1)")
    (add_net "Net-(D1-Pad1)")
    (add_net "Net-(D2-Pad2)")
    (add_net "Net-(D3-Pad2)")
    (add_net "Net-(D4-Pad1)")
    (add_net "Net-(D4-Pad2)")
    (add_net "Net-(D4-Pad3)")
    (add_net "Net-(M1-Pad1)")
    (add_net "Net-(M2-Pad1)")
    (add_net "Net-(Q1-Pad1)")
    (add_net "Net-(Q1-Pad3)")
    (add_net "Net-(Q2-Pad1)")
    (add_net "Net-(Q3-Pad1)")
    (add_net "Net-(Q3-Pad2)")
    (add_net "Net-(Q5-Pad1)")
    (add_net "Net-(Q6-Pad1)")
    (add_net "Net-(R19-Pad2)")
    (add_net "Net-(R21-Pad2)")
    (add_net "Net-(U1-Pad4)")
    (add_net "Net-(U2-Pad4)")
    (add_net "Net-(U3-Pad4)")
    (add_net "Net-(U4-Pad2)")
    (add_net "Net-(U4-Pad6)")
    (add_net "Net-(U6-Pad8)")
    (add_net PB0)
    (add_net PB1)
    (add_net PB2)
    (add_net PB6)
    (add_net PB7)
    (add_net PD3)
    (add_net PD7)
    (add_net RED_HI)
    (add_net RED_LO)
    (add_net RESET)
    (add_net SCK)
    (add_net TX)
    (add_net V1)
    (add_net V2)
    (add_net V3)
  )

  (net_class Power ""
    (clearance 0.2)
    (trace_width 0.5)
    (via_dia 0.8)
    (via_drill 0.4)
    (uvia_dia 0.3)
    (uvia_drill 0.1)
    (add_net +BATT)
  )

  (module Connector_PinHeader_2.54mm:PinHeader_1x01_P2.54mm_Vertical locked (layer B.Cu) (tedit 5D3316CA) (tstamp 5D7CD182)
    (at 84.28 100)
    (descr "Through hole straight pin header, 1x01, 2.54mm pitch, single row")
    (tags "Through hole pin header THT 1x01 2.54mm single row")
    (path /5D022F1C)
    (fp_text reference J1 (at -1.46 -1.85) (layer B.SilkS)
      (effects (font (size 0.9 0.9) (thickness 0.16)) (justify mirror))
    )
    (fp_text value "Leg 1" (at 0 -2.33) (layer B.Fab) hide
      (effects (font (size 0.5 0.5) (thickness 0.08)) (justify mirror))
    )
    (fp_line (start -0.635 1.27) (end 1.27 1.27) (layer B.Fab) (width 0.1))
    (fp_line (start 1.27 1.27) (end 1.27 -1.27) (layer B.Fab) (width 0.1))
    (fp_line (start 1.27 -1.27) (end -1.27 -1.27) (layer B.Fab) (width 0.1))
    (fp_line (start -1.27 -1.27) (end -1.27 0.635) (layer B.Fab) (width 0.1))
    (fp_line (start -1.27 0.635) (end -0.635 1.27) (layer B.Fab) (width 0.1))
    (fp_line (start -0.33 -1.33) (end 1.33 -1.33) (layer B.SilkS) (width 0.16))
    (fp_line (start -0.33 -1.27) (end -0.33 -1.33) (layer B.SilkS) (width 0.16))
    (fp_line (start 1.33 -1.27) (end 1.33 -1.33) (layer B.SilkS) (width 0.16))
    (fp_line (start -0.33 -1.27) (end 1.33 -1.27) (layer B.SilkS) (width 0.16))
    (fp_line (start -1.33 0) (end -1.33 1.33) (layer B.SilkS) (width 0.16))
    (fp_line (start -1.33 1.33) (end 0 1.33) (layer B.SilkS) (width 0.16))
    (fp_line (start -1.8 1.8) (end -1.8 -1.8) (layer B.CrtYd) (width 0.05))
    (fp_line (start -1.8 -1.8) (end 1.8 -1.8) (layer B.CrtYd) (width 0.05))
    (fp_line (start 1.8 -1.8) (end 1.8 1.8) (layer B.CrtYd) (width 0.05))
    (fp_line (start 1.8 1.8) (end -1.8 1.8) (layer B.CrtYd) (width 0.05))
    (fp_text user %R (at 0 0 -90) (layer B.Fab)
      (effects (font (size 0.5 0.5) (thickness 0.08)) (justify mirror))
    )
    (pad 1 thru_hole rect (at 0 0) (size 1.7 1.7) (drill 1) (layers *.Cu *.Mask)
      (net 16 "Net-(D2-Pad2)"))
    (model ${KISYS3DMOD}/Connector_PinHeader_2.54mm.3dshapes/PinHeader_1x01_P2.54mm_Vertical.wrl
      (at (xyz 0 0 0))
      (scale (xyz 1 1 1))
      (rotate (xyz 0 0 0))
    )
  )

  (module Resistor_SMD:R_0603_1608Metric_Pad1.05x0.95mm_HandSolder (layer B.Cu) (tedit 5B301BBD) (tstamp 5D7C8393)
    (at 96.83 114.92 270)
    (descr "Resistor SMD 0603 (1608 Metric), square (rectangular) end terminal, IPC_7351 nominal with elongated pad for handsoldering. (Body size source: http://www.tortai-tech.com/upload/download/2011102023233369053.pdf), generated with kicad-footprint-generator")
    (tags "resistor handsolder")
    (path /5D171012)
    (attr smd)
    (fp_text reference R38 (at 1.41 1.77) (layer B.SilkS)
      (effects (font (size 0.9 0.9) (thickness 0.16)) (justify mirror))
    )
    (fp_text value 200 (at 0 -1.43 270) (layer B.Fab) hide
      (effects (font (size 0.5 0.5) (thickness 0.08)) (justify mirror))
    )
    (fp_text user %R (at -0.03 -0.02 270) (layer B.Fab)
      (effects (font (size 0.5 0.5) (thickness 0.08)) (justify mirror))
    )
    (fp_line (start 1.65 -0.73) (end -1.65 -0.73) (layer B.CrtYd) (width 0.05))
    (fp_line (start 1.65 0.73) (end 1.65 -0.73) (layer B.CrtYd) (width 0.05))
    (fp_line (start -1.65 0.73) (end 1.65 0.73) (layer B.CrtYd) (width 0.05))
    (fp_line (start -1.65 -0.73) (end -1.65 0.73) (layer B.CrtYd) (width 0.05))
    (fp_line (start -0.171267 -0.51) (end 0.171267 -0.51) (layer B.SilkS) (width 0.16))
    (fp_line (start -0.171267 0.51) (end 0.171267 0.51) (layer B.SilkS) (width 0.16))
    (fp_line (start 0.8 -0.4) (end -0.8 -0.4) (layer B.Fab) (width 0.1))
    (fp_line (start 0.8 0.4) (end 0.8 -0.4) (layer B.Fab) (width 0.1))
    (fp_line (start -0.8 0.4) (end 0.8 0.4) (layer B.Fab) (width 0.1))
    (fp_line (start -0.8 -0.4) (end -0.8 0.4) (layer B.Fab) (width 0.1))
    (pad 2 smd roundrect (at 0.875 0 270) (size 1.05 0.95) (layers B.Cu B.Paste B.Mask) (roundrect_rratio 0.25)
      (net 33 "Net-(Q6-Pad1)"))
    (pad 1 smd roundrect (at -0.875 0 270) (size 1.05 0.95) (layers B.Cu B.Paste B.Mask) (roundrect_rratio 0.25)
      (net 51 PD3))
    (model ${KISYS3DMOD}/Resistor_SMD.3dshapes/R_0603_1608Metric.wrl
      (at (xyz 0 0 0))
      (scale (xyz 1 1 1))
      (rotate (xyz 0 0 0))
    )
  )

  (module Connector_PinHeader_2.54mm:PinHeader_2x01_P2.54mm_Vertical (layer F.Cu) (tedit 59FED5CC) (tstamp 5D7C8047)
    (at 92.67 113.52 335)
    (descr "Through hole straight pin header, 2x01, 2.54mm pitch, double rows")
    (tags "Through hole pin header THT 2x01 2.54mm double row")
    (path /5D023597)
    (fp_text reference J5 (at -2.025274 -0.447288 245) (layer F.SilkS)
      (effects (font (size 0.9 0.9) (thickness 0.16)))
    )
    (fp_text value Debug (at 1.27 2.33 155) (layer F.Fab)
      (effects (font (size 1 1) (thickness 0.16)))
    )
    (fp_text user %R (at 1.27 0 65) (layer F.Fab)
      (effects (font (size 1 1) (thickness 0.16)))
    )
    (fp_line (start 4.35 -1.8) (end -1.8 -1.8) (layer F.CrtYd) (width 0.05))
    (fp_line (start 4.35 1.8) (end 4.35 -1.8) (layer F.CrtYd) (width 0.05))
    (fp_line (start -1.8 1.8) (end 4.35 1.8) (layer F.CrtYd) (width 0.05))
    (fp_line (start -1.8 -1.8) (end -1.8 1.8) (layer F.CrtYd) (width 0.05))
    (fp_line (start -1.33 -1.33) (end 0 -1.33) (layer F.SilkS) (width 0.16))
    (fp_line (start -1.33 0) (end -1.33 -1.33) (layer F.SilkS) (width 0.16))
    (fp_line (start 1.27 -1.33) (end 3.87 -1.33) (layer F.SilkS) (width 0.16))
    (fp_line (start 1.27 1.27) (end 1.27 -1.33) (layer F.SilkS) (width 0.16))
    (fp_line (start -1.33 1.27) (end 1.27 1.27) (layer F.SilkS) (width 0.16))
    (fp_line (start 3.87 -1.33) (end 3.87 1.33) (layer F.SilkS) (width 0.16))
    (fp_line (start -1.33 1.27) (end -1.33 1.33) (layer F.SilkS) (width 0.16))
    (fp_line (start -1.33 1.33) (end 3.87 1.33) (layer F.SilkS) (width 0.16))
    (fp_line (start -1.27 0) (end 0 -1.27) (layer F.Fab) (width 0.2))
    (fp_line (start -1.27 1.27) (end -1.27 0) (layer F.Fab) (width 0.2))
    (fp_line (start 3.81 1.27) (end -1.27 1.27) (layer F.Fab) (width 0.2))
    (fp_line (start 3.81 -1.27) (end 3.81 1.27) (layer F.Fab) (width 0.2))
    (fp_line (start 0 -1.27) (end 3.81 -1.27) (layer F.Fab) (width 0.2))
    (pad 2 thru_hole oval (at 2.54 0 335) (size 1.7 1.7) (drill 1) (layers *.Cu *.Mask)
      (net 1 GNDREF))
    (pad 1 thru_hole rect (at 0 0 335) (size 1.7 1.7) (drill 1) (layers *.Cu *.Mask)
      (net 21 DEBUG))
    (model ${KISYS3DMOD}/Connector_PinHeader_2.54mm.3dshapes/PinHeader_2x01_P2.54mm_Vertical.wrl
      (at (xyz 0 0 0))
      (scale (xyz 1 1 1))
      (rotate (xyz 0 0 0))
    )
  )

  (module Kilobot:TSSOP-14_4.4x5mm_P0.65mm_altered (layer B.Cu) (tedit 5D30577E) (tstamp 5D7C8447)
    (at 110.47 93.83)
    (descr "14-Lead Plastic Thin Shrink Small Outline (ST)-4.4 mm Body [TSSOP] (see Microchip Packaging Specification 00000049BS.pdf)")
    (tags "SSOP 0.65")
    (path /5E4677D3)
    (attr smd)
    (fp_text reference U6 (at 1.44 -3.18) (layer B.SilkS)
      (effects (font (size 0.9 0.9) (thickness 0.16)) (justify mirror))
    )
    (fp_text value OPA4376AIPWR (at 0 -3.55) (layer B.Fab) hide
      (effects (font (size 0.5 0.5) (thickness 0.08)) (justify mirror))
    )
    (fp_text user %R (at 0 0) (layer B.Fab)
      (effects (font (size 0.5 0.5) (thickness 0.08)) (justify mirror))
    )
    (fp_line (start -2.325 2.5) (end -3.675 2.5) (layer B.SilkS) (width 0.16))
    (fp_line (start -2.325 -2.625) (end 2.325 -2.625) (layer B.SilkS) (width 0.16))
    (fp_line (start -2.325 2.625) (end 2.325 2.625) (layer B.SilkS) (width 0.16))
    (fp_line (start -2.325 -2.625) (end -2.325 -2.4) (layer B.SilkS) (width 0.16))
    (fp_line (start 2.325 -2.625) (end 2.325 -2.4) (layer B.SilkS) (width 0.16))
    (fp_line (start 2.325 2.625) (end 2.325 2.4) (layer B.SilkS) (width 0.16))
    (fp_line (start -2.325 2.625) (end -2.325 2.5) (layer B.SilkS) (width 0.16))
    (fp_line (start -3.95 -2.8) (end 3.95 -2.8) (layer B.CrtYd) (width 0.05))
    (fp_line (start -3.95 2.8) (end 3.95 2.8) (layer B.CrtYd) (width 0.05))
    (fp_line (start 3.95 2.8) (end 3.95 -2.8) (layer B.CrtYd) (width 0.05))
    (fp_line (start -3.95 2.8) (end -3.95 -2.8) (layer B.CrtYd) (width 0.05))
    (fp_line (start -2.2 1.5) (end -1.2 2.5) (layer B.Fab) (width 0.1))
    (fp_line (start -2.2 -2.5) (end -2.2 1.5) (layer B.Fab) (width 0.1))
    (fp_line (start 2.2 -2.5) (end -2.2 -2.5) (layer B.Fab) (width 0.1))
    (fp_line (start 2.2 2.5) (end 2.2 -2.5) (layer B.Fab) (width 0.1))
    (fp_line (start -1.2 2.5) (end 2.2 2.5) (layer B.Fab) (width 0.1))
    (pad 14 smd rect (at 2.8 1.95) (size 1.6 0.35) (layers B.Cu B.Paste B.Mask)
      (net 9 "Net-(C13-Pad2)"))
    (pad 13 smd rect (at 2.8 1.3) (size 1.6 0.35) (layers B.Cu B.Paste B.Mask)
      (net 9 "Net-(C13-Pad2)"))
    (pad 12 smd rect (at 2.8 0.65) (size 1.6 0.35) (layers B.Cu B.Paste B.Mask)
      (net 17 "Net-(D3-Pad2)"))
    (pad 11 smd rect (at 2.8 0) (size 1.6 0.35) (layers B.Cu B.Paste B.Mask)
      (net 1 GNDREF))
    (pad 10 smd rect (at 2.8 -0.65) (size 1.6 0.35) (layers B.Cu B.Paste B.Mask)
      (net 17 "Net-(D3-Pad2)"))
    (pad 9 smd rect (at 2.8 -1.3) (size 1.6 0.35) (layers B.Cu B.Paste B.Mask)
      (net 52 "Net-(U6-Pad8)"))
    (pad 7 smd rect (at -2.8 -1.95) (size 1.6 0.35) (layers B.Cu B.Paste B.Mask)
      (net 12 AMP2_OUT))
    (pad 6 smd rect (at -2.8 -1.3) (size 1.6 0.35) (layers B.Cu B.Paste B.Mask)
      (net 13 "Net-(C16-Pad2)"))
    (pad 5 smd rect (at -2.8 -0.65) (size 1.6 0.35) (layers B.Cu B.Paste B.Mask)
      (net 8 "Net-(C13-Pad1)"))
    (pad 4 smd rect (at -2.8 0) (size 1.6 0.35) (layers B.Cu B.Paste B.Mask)
      (net 6 V3))
    (pad 3 smd rect (at -2.8 0.65) (size 1.6 0.35) (layers B.Cu B.Paste B.Mask)
      (net 8 "Net-(C13-Pad1)"))
    (pad 2 smd rect (at -2.8 1.3) (size 1.6 0.35) (layers B.Cu B.Paste B.Mask)
      (net 10 "Net-(C15-Pad2)"))
    (pad 8 smd rect (at 2.8 -1.95) (size 1.6 0.35) (layers B.Cu B.Paste B.Mask)
      (net 52 "Net-(U6-Pad8)"))
    (pad 1 smd roundrect (at -2.8 1.95) (size 1.6 0.35) (layers B.Cu B.Paste B.Mask) (roundrect_rratio 0.25)
      (net 11 AMP1_OUT))
    (model ${KISYS3DMOD}/Package_SO.3dshapes/TSSOP-14_4.4x5mm_P0.65mm.wrl
      (at (xyz 0 0 0))
      (scale (xyz 1 1 1))
      (rotate (xyz 0 0 0))
    )
  )

  (module Capacitor_SMD:C_0603_1608Metric_Pad1.05x0.95mm_HandSolder (layer B.Cu) (tedit 5B301BBE) (tstamp 5D2D0745)
    (at 108.65 105.27 90)
    (descr "Capacitor SMD 0603 (1608 Metric), square (rectangular) end terminal, IPC_7351 nominal with elongated pad for handsoldering. (Body size source: http://www.tortai-tech.com/upload/download/2011102023233369053.pdf), generated with kicad-footprint-generator")
    (tags "capacitor handsolder")
    (path /5D044229)
    (attr smd)
    (fp_text reference C3 (at 0.09 -0.31 90) (layer B.SilkS) hide
      (effects (font (size 0.9 0.9) (thickness 0.16)) (justify mirror))
    )
    (fp_text value 2.2u (at 0 -1.43 90) (layer B.Fab) hide
      (effects (font (size 0.5 0.5) (thickness 0.08)) (justify mirror))
    )
    (fp_line (start -0.8 -0.4) (end -0.8 0.4) (layer B.Fab) (width 0.1))
    (fp_line (start -0.8 0.4) (end 0.8 0.4) (layer B.Fab) (width 0.1))
    (fp_line (start 0.8 0.4) (end 0.8 -0.4) (layer B.Fab) (width 0.1))
    (fp_line (start 0.8 -0.4) (end -0.8 -0.4) (layer B.Fab) (width 0.1))
    (fp_line (start -0.171267 0.51) (end 0.171267 0.51) (layer B.SilkS) (width 0.16))
    (fp_line (start -0.171267 -0.51) (end 0.171267 -0.51) (layer B.SilkS) (width 0.16))
    (fp_line (start -1.65 -0.73) (end -1.65 0.73) (layer B.CrtYd) (width 0.05))
    (fp_line (start -1.65 0.73) (end 1.65 0.73) (layer B.CrtYd) (width 0.05))
    (fp_line (start 1.65 0.73) (end 1.65 -0.73) (layer B.CrtYd) (width 0.05))
    (fp_line (start 1.65 -0.73) (end -1.65 -0.73) (layer B.CrtYd) (width 0.05))
    (fp_text user %R (at 0 0 90) (layer B.Fab)
      (effects (font (size 0.5 0.5) (thickness 0.08)) (justify mirror))
    )
    (pad 1 smd roundrect (at -0.875 0 90) (size 1.05 0.95) (layers B.Cu B.Paste B.Mask) (roundrect_rratio 0.25)
      (net 1 GNDREF))
    (pad 2 smd roundrect (at 0.875 0 90) (size 1.05 0.95) (layers B.Cu B.Paste B.Mask) (roundrect_rratio 0.25)
      (net 2 +BATT))
    (model ${KISYS3DMOD}/Capacitor_SMD.3dshapes/C_0603_1608Metric.wrl
      (at (xyz 0 0 0))
      (scale (xyz 1 1 1))
      (rotate (xyz 0 0 0))
    )
  )

  (module Resistor_SMD:R_0603_1608Metric_Pad1.05x0.95mm_HandSolder (layer B.Cu) (tedit 5B301BBD) (tstamp 5D2D0735)
    (at 96.48 97.77)
    (descr "Resistor SMD 0603 (1608 Metric), square (rectangular) end terminal, IPC_7351 nominal with elongated pad for handsoldering. (Body size source: http://www.tortai-tech.com/upload/download/2011102023233369053.pdf), generated with kicad-footprint-generator")
    (tags "resistor handsolder")
    (path /5DAECF7B)
    (attr smd)
    (fp_text reference R18 (at 0.03 -0.08 180) (layer B.SilkS) hide
      (effects (font (size 0.9 0.9) (thickness 0.16)) (justify mirror))
    )
    (fp_text value 1.47k (at 0 -1.43 180) (layer B.Fab) hide
      (effects (font (size 0.5 0.5) (thickness 0.08)) (justify mirror))
    )
    (fp_text user %R (at 0 0 180) (layer B.Fab)
      (effects (font (size 0.5 0.5) (thickness 0.08)) (justify mirror))
    )
    (fp_line (start 1.65 -0.73) (end -1.65 -0.73) (layer B.CrtYd) (width 0.05))
    (fp_line (start 1.65 0.73) (end 1.65 -0.73) (layer B.CrtYd) (width 0.05))
    (fp_line (start -1.65 0.73) (end 1.65 0.73) (layer B.CrtYd) (width 0.05))
    (fp_line (start -1.65 -0.73) (end -1.65 0.73) (layer B.CrtYd) (width 0.05))
    (fp_line (start -0.171267 -0.51) (end 0.171267 -0.51) (layer B.SilkS) (width 0.16))
    (fp_line (start -0.171267 0.51) (end 0.171267 0.51) (layer B.SilkS) (width 0.16))
    (fp_line (start 0.8 -0.4) (end -0.8 -0.4) (layer B.Fab) (width 0.1))
    (fp_line (start 0.8 0.4) (end 0.8 -0.4) (layer B.Fab) (width 0.1))
    (fp_line (start -0.8 0.4) (end 0.8 0.4) (layer B.Fab) (width 0.1))
    (fp_line (start -0.8 -0.4) (end -0.8 0.4) (layer B.Fab) (width 0.1))
    (pad 2 smd roundrect (at 0.875 0) (size 1.05 0.95) (layers B.Cu B.Paste B.Mask) (roundrect_rratio 0.25)
      (net 41 PD7))
    (pad 1 smd roundrect (at -0.875 0) (size 1.05 0.95) (layers B.Cu B.Paste B.Mask) (roundrect_rratio 0.25)
      (net 1 GNDREF))
    (model ${KISYS3DMOD}/Resistor_SMD.3dshapes/R_0603_1608Metric.wrl
      (at (xyz 0 0 0))
      (scale (xyz 1 1 1))
      (rotate (xyz 0 0 0))
    )
  )

  (module Resistor_SMD:R_0603_1608Metric_Pad1.05x0.95mm_HandSolder (layer B.Cu) (tedit 5B301BBD) (tstamp 5D2D0725)
    (at 100.98 97.12)
    (descr "Resistor SMD 0603 (1608 Metric), square (rectangular) end terminal, IPC_7351 nominal with elongated pad for handsoldering. (Body size source: http://www.tortai-tech.com/upload/download/2011102023233369053.pdf), generated with kicad-footprint-generator")
    (tags "resistor handsolder")
    (path /5DAECEAF)
    (attr smd)
    (fp_text reference R17 (at 0 1.43 180) (layer B.SilkS) hide
      (effects (font (size 0.9 0.9) (thickness 0.16)) (justify mirror))
    )
    (fp_text value 20k (at 0 -1.43 180) (layer B.Fab) hide
      (effects (font (size 0.5 0.5) (thickness 0.08)) (justify mirror))
    )
    (fp_line (start -0.8 -0.4) (end -0.8 0.4) (layer B.Fab) (width 0.1))
    (fp_line (start -0.8 0.4) (end 0.8 0.4) (layer B.Fab) (width 0.1))
    (fp_line (start 0.8 0.4) (end 0.8 -0.4) (layer B.Fab) (width 0.1))
    (fp_line (start 0.8 -0.4) (end -0.8 -0.4) (layer B.Fab) (width 0.1))
    (fp_line (start -0.171267 0.51) (end 0.171267 0.51) (layer B.SilkS) (width 0.16))
    (fp_line (start -0.171267 -0.51) (end 0.171267 -0.51) (layer B.SilkS) (width 0.16))
    (fp_line (start -1.65 -0.73) (end -1.65 0.73) (layer B.CrtYd) (width 0.05))
    (fp_line (start -1.65 0.73) (end 1.65 0.73) (layer B.CrtYd) (width 0.05))
    (fp_line (start 1.65 0.73) (end 1.65 -0.73) (layer B.CrtYd) (width 0.05))
    (fp_line (start 1.65 -0.73) (end -1.65 -0.73) (layer B.CrtYd) (width 0.05))
    (fp_text user %R (at 0 0 180) (layer B.Fab)
      (effects (font (size 0.5 0.5) (thickness 0.08)) (justify mirror))
    )
    (pad 1 smd roundrect (at -0.875 0) (size 1.05 0.95) (layers B.Cu B.Paste B.Mask) (roundrect_rratio 0.25)
      (net 41 PD7))
    (pad 2 smd roundrect (at 0.875 0) (size 1.05 0.95) (layers B.Cu B.Paste B.Mask) (roundrect_rratio 0.25)
      (net 6 V3))
    (model ${KISYS3DMOD}/Resistor_SMD.3dshapes/R_0603_1608Metric.wrl
      (at (xyz 0 0 0))
      (scale (xyz 1 1 1))
      (rotate (xyz 0 0 0))
    )
  )

  (module Package_TO_SOT_SMD:SOT-23-5_HandSoldering (layer B.Cu) (tedit 5A0AB76C) (tstamp 5D2D0711)
    (at 113.25 105.18)
    (descr "5-pin SOT23 package")
    (tags "SOT-23-5 hand-soldering")
    (path /5D05A98B)
    (attr smd)
    (fp_text reference U3 (at 2.72 0.06 180) (layer B.SilkS)
      (effects (font (size 0.9 0.9) (thickness 0.16)) (justify mirror))
    )
    (fp_text value XC6210B302MR-G (at 0 -2.9) (layer B.Fab) hide
      (effects (font (size 0.5 0.5) (thickness 0.08)) (justify mirror))
    )
    (fp_line (start 2.38 -1.8) (end -2.38 -1.8) (layer B.CrtYd) (width 0.05))
    (fp_line (start 2.38 -1.8) (end 2.38 1.8) (layer B.CrtYd) (width 0.05))
    (fp_line (start -2.38 1.8) (end -2.38 -1.8) (layer B.CrtYd) (width 0.05))
    (fp_line (start -2.38 1.8) (end 2.38 1.8) (layer B.CrtYd) (width 0.05))
    (fp_line (start 0.9 1.55) (end 0.9 -1.55) (layer B.Fab) (width 0.1))
    (fp_line (start 0.9 -1.55) (end -0.9 -1.55) (layer B.Fab) (width 0.1))
    (fp_line (start -0.9 0.9) (end -0.9 -1.55) (layer B.Fab) (width 0.1))
    (fp_line (start 0.9 1.55) (end -0.25 1.55) (layer B.Fab) (width 0.1))
    (fp_line (start -0.9 0.9) (end -0.25 1.55) (layer B.Fab) (width 0.1))
    (fp_line (start 0.9 1.61) (end -1.55 1.61) (layer B.SilkS) (width 0.16))
    (fp_line (start -0.9 -1.61) (end 0.9 -1.61) (layer B.SilkS) (width 0.16))
    (fp_text user %R (at 0 0 270) (layer B.Fab)
      (effects (font (size 0.5 0.5) (thickness 0.08)) (justify mirror))
    )
    (pad 5 smd rect (at 1.35 0.95) (size 1.56 0.65) (layers B.Cu B.Paste B.Mask)
      (net 6 V3))
    (pad 4 smd rect (at 1.35 -0.95) (size 1.56 0.65) (layers B.Cu B.Paste B.Mask)
      (net 58 "Net-(U3-Pad4)"))
    (pad 3 smd rect (at -1.35 -0.95) (size 1.56 0.65) (layers B.Cu B.Paste B.Mask)
      (net 39 CE))
    (pad 2 smd rect (at -1.35 0) (size 1.56 0.65) (layers B.Cu B.Paste B.Mask)
      (net 1 GNDREF))
    (pad 1 smd rect (at -1.35 0.95) (size 1.56 0.65) (layers B.Cu B.Paste B.Mask)
      (net 2 +BATT))
    (model ${KISYS3DMOD}/Package_TO_SOT_SMD.3dshapes/SOT-23-5.wrl
      (at (xyz 0 0 0))
      (scale (xyz 1 1 1))
      (rotate (xyz 0 0 0))
    )
  )

  (module Connector_PinHeader_2.54mm:PinHeader_1x02_P2.54mm_Vertical (layer F.Cu) (tedit 59FED5CC) (tstamp 5D33D765)
    (at 87.91 95.65 245)
    (descr "Through hole straight pin header, 1x02, 2.54mm pitch, single row")
    (tags "Through hole pin header THT 1x02 2.54mm single row")
    (path /5E40BA11)
    (fp_text reference BT1 (at 0.039892 -2.11502 65) (layer F.SilkS)
      (effects (font (size 0.9 0.9) (thickness 0.16)))
    )
    (fp_text value 3.3 (at 0 4.87 65) (layer F.Fab)
      (effects (font (size 1 1) (thickness 0.16)))
    )
    (fp_text user %R (at 0 1.27 155) (layer F.Fab)
      (effects (font (size 1 1) (thickness 0.16)))
    )
    (fp_line (start 1.8 -1.8) (end -1.8 -1.8) (layer F.CrtYd) (width 0.05))
    (fp_line (start 1.8 4.35) (end 1.8 -1.8) (layer F.CrtYd) (width 0.05))
    (fp_line (start -1.8 4.35) (end 1.8 4.35) (layer F.CrtYd) (width 0.05))
    (fp_line (start -1.8 -1.8) (end -1.8 4.35) (layer F.CrtYd) (width 0.05))
    (fp_line (start -1.33 -1.33) (end 0 -1.33) (layer F.SilkS) (width 0.16))
    (fp_line (start -1.33 0) (end -1.33 -1.33) (layer F.SilkS) (width 0.16))
    (fp_line (start -1.33 1.27) (end 1.33 1.27) (layer F.SilkS) (width 0.16))
    (fp_line (start 1.33 1.27) (end 1.33 3.87) (layer F.SilkS) (width 0.16))
    (fp_line (start -1.33 1.27) (end -1.33 3.87) (layer F.SilkS) (width 0.16))
    (fp_line (start -1.33 3.87) (end 1.33 3.87) (layer F.SilkS) (width 0.16))
    (fp_line (start -1.27 -0.635) (end -0.635 -1.27) (layer F.Fab) (width 0.2))
    (fp_line (start -1.27 3.81) (end -1.27 -0.635) (layer F.Fab) (width 0.2))
    (fp_line (start 1.27 3.81) (end -1.27 3.81) (layer F.Fab) (width 0.2))
    (fp_line (start 1.27 -1.27) (end 1.27 3.81) (layer F.Fab) (width 0.2))
    (fp_line (start -0.635 -1.27) (end 1.27 -1.27) (layer F.Fab) (width 0.2))
    (pad 2 thru_hole oval (at 0 2.54 245) (size 1.7 1.7) (drill 1) (layers *.Cu *.Mask)
      (net 55 "Net-(BT1-Pad2)"))
    (pad 1 thru_hole rect (at 0 0 245) (size 1.7 1.7) (drill 1) (layers *.Cu *.Mask)
      (net 2 +BATT))
    (model ${KISYS3DMOD}/Connector_PinHeader_2.54mm.3dshapes/PinHeader_1x02_P2.54mm_Vertical.wrl
      (at (xyz 0 0 0))
      (scale (xyz 1 1 1))
      (rotate (xyz 0 0 0))
    )
  )

  (module Capacitor_SMD:C_0603_1608Metric_Pad1.05x0.95mm_HandSolder (layer B.Cu) (tedit 5B301BBE) (tstamp 5D7C7E48)
    (at 108.37 101.69 270)
    (descr "Capacitor SMD 0603 (1608 Metric), square (rectangular) end terminal, IPC_7351 nominal with elongated pad for handsoldering. (Body size source: http://www.tortai-tech.com/upload/download/2011102023233369053.pdf), generated with kicad-footprint-generator")
    (tags "capacitor handsolder")
    (path /5D059361)
    (attr smd)
    (fp_text reference C1 (at -0.66 1.08 270) (layer B.SilkS) hide
      (effects (font (size 0.9 0.9) (thickness 0.16)) (justify mirror))
    )
    (fp_text value 2.2u (at 0 -1.43 270) (layer B.Fab) hide
      (effects (font (size 0.5 0.5) (thickness 0.08)) (justify mirror))
    )
    (fp_line (start -0.8 -0.4) (end -0.8 0.4) (layer B.Fab) (width 0.1))
    (fp_line (start -0.8 0.4) (end 0.8 0.4) (layer B.Fab) (width 0.1))
    (fp_line (start 0.8 0.4) (end 0.8 -0.4) (layer B.Fab) (width 0.1))
    (fp_line (start 0.8 -0.4) (end -0.8 -0.4) (layer B.Fab) (width 0.1))
    (fp_line (start -0.171267 0.51) (end 0.171267 0.51) (layer B.SilkS) (width 0.16))
    (fp_line (start -0.171267 -0.51) (end 0.171267 -0.51) (layer B.SilkS) (width 0.16))
    (fp_line (start -1.65 -0.73) (end -1.65 0.73) (layer B.CrtYd) (width 0.05))
    (fp_line (start -1.65 0.73) (end 1.65 0.73) (layer B.CrtYd) (width 0.05))
    (fp_line (start 1.65 0.73) (end 1.65 -0.73) (layer B.CrtYd) (width 0.05))
    (fp_line (start 1.65 -0.73) (end -1.65 -0.73) (layer B.CrtYd) (width 0.05))
    (fp_text user %R (at 0 0 270) (layer B.Fab)
      (effects (font (size 0.5 0.5) (thickness 0.08)) (justify mirror))
    )
    (pad 1 smd roundrect (at -0.875 0 270) (size 1.05 0.95) (layers B.Cu B.Paste B.Mask) (roundrect_rratio 0.25)
      (net 1 GNDREF))
    (pad 2 smd roundrect (at 0.875 0 270) (size 1.05 0.95) (layers B.Cu B.Paste B.Mask) (roundrect_rratio 0.25)
      (net 2 +BATT))
    (model ${KISYS3DMOD}/Capacitor_SMD.3dshapes/C_0603_1608Metric.wrl
      (at (xyz 0 0 0))
      (scale (xyz 1 1 1))
      (rotate (xyz 0 0 0))
    )
  )

  (module Capacitor_SMD:C_0603_1608Metric_Pad1.05x0.95mm_HandSolder (layer B.Cu) (tedit 5B301BBE) (tstamp 5D7C7E59)
    (at 113.57 108.77 238)
    (descr "Capacitor SMD 0603 (1608 Metric), square (rectangular) end terminal, IPC_7351 nominal with elongated pad for handsoldering. (Body size source: http://www.tortai-tech.com/upload/download/2011102023233369053.pdf), generated with kicad-footprint-generator")
    (tags "capacitor handsolder")
    (path /5D061FAB)
    (attr smd)
    (fp_text reference C2 (at -0.986749 -1.16397 238) (layer B.SilkS)
      (effects (font (size 0.9 0.9) (thickness 0.16)) (justify mirror))
    )
    (fp_text value 2.2u (at 0 -1.43 238) (layer B.Fab) hide
      (effects (font (size 0.5 0.5) (thickness 0.08)) (justify mirror))
    )
    (fp_text user %R (at 0 0 238) (layer B.Fab)
      (effects (font (size 0.5 0.5) (thickness 0.08)) (justify mirror))
    )
    (fp_line (start 1.65 -0.73) (end -1.65 -0.73) (layer B.CrtYd) (width 0.05))
    (fp_line (start 1.65 0.73) (end 1.65 -0.73) (layer B.CrtYd) (width 0.05))
    (fp_line (start -1.65 0.73) (end 1.65 0.73) (layer B.CrtYd) (width 0.05))
    (fp_line (start -1.65 -0.73) (end -1.65 0.73) (layer B.CrtYd) (width 0.05))
    (fp_line (start -0.171267 -0.51) (end 0.171267 -0.51) (layer B.SilkS) (width 0.16))
    (fp_line (start -0.171267 0.51) (end 0.171267 0.51) (layer B.SilkS) (width 0.16))
    (fp_line (start 0.8 -0.4) (end -0.8 -0.4) (layer B.Fab) (width 0.1))
    (fp_line (start 0.8 0.4) (end 0.8 -0.4) (layer B.Fab) (width 0.1))
    (fp_line (start -0.8 0.4) (end 0.8 0.4) (layer B.Fab) (width 0.1))
    (fp_line (start -0.8 -0.4) (end -0.8 0.4) (layer B.Fab) (width 0.1))
    (pad 2 smd roundrect (at 0.875 0 238) (size 1.05 0.95) (layers B.Cu B.Paste B.Mask) (roundrect_rratio 0.25)
      (net 2 +BATT))
    (pad 1 smd roundrect (at -0.875 0 238) (size 1.05 0.95) (layers B.Cu B.Paste B.Mask) (roundrect_rratio 0.25)
      (net 1 GNDREF))
    (model ${KISYS3DMOD}/Capacitor_SMD.3dshapes/C_0603_1608Metric.wrl
      (at (xyz 0 0 0))
      (scale (xyz 1 1 1))
      (rotate (xyz 0 0 0))
    )
  )

  (module Capacitor_SMD:C_0603_1608Metric_Pad1.05x0.95mm_HandSolder (layer B.Cu) (tedit 5B301BBE) (tstamp 5D7C7E7B)
    (at 92.05 102.03)
    (descr "Capacitor SMD 0603 (1608 Metric), square (rectangular) end terminal, IPC_7351 nominal with elongated pad for handsoldering. (Body size source: http://www.tortai-tech.com/upload/download/2011102023233369053.pdf), generated with kicad-footprint-generator")
    (tags "capacitor handsolder")
    (path /5D33C6F3)
    (attr smd)
    (fp_text reference C4 (at -0.03 0.18) (layer B.SilkS) hide
      (effects (font (size 0.9 0.9) (thickness 0.16)) (justify mirror))
    )
    (fp_text value 2.2u (at 0 -1.43) (layer B.Fab) hide
      (effects (font (size 0.5 0.5) (thickness 0.08)) (justify mirror))
    )
    (fp_line (start -0.8 -0.4) (end -0.8 0.4) (layer B.Fab) (width 0.1))
    (fp_line (start -0.8 0.4) (end 0.8 0.4) (layer B.Fab) (width 0.1))
    (fp_line (start 0.8 0.4) (end 0.8 -0.4) (layer B.Fab) (width 0.1))
    (fp_line (start 0.8 -0.4) (end -0.8 -0.4) (layer B.Fab) (width 0.1))
    (fp_line (start -0.171267 0.51) (end 0.171267 0.51) (layer B.SilkS) (width 0.16))
    (fp_line (start -0.171267 -0.51) (end 0.171267 -0.51) (layer B.SilkS) (width 0.16))
    (fp_line (start -1.65 -0.73) (end -1.65 0.73) (layer B.CrtYd) (width 0.05))
    (fp_line (start -1.65 0.73) (end 1.65 0.73) (layer B.CrtYd) (width 0.05))
    (fp_line (start 1.65 0.73) (end 1.65 -0.73) (layer B.CrtYd) (width 0.05))
    (fp_line (start 1.65 -0.73) (end -1.65 -0.73) (layer B.CrtYd) (width 0.05))
    (fp_text user %R (at 0 0.04) (layer B.Fab)
      (effects (font (size 0.5 0.5) (thickness 0.08)) (justify mirror))
    )
    (pad 1 smd roundrect (at -0.875 0) (size 1.05 0.95) (layers B.Cu B.Paste B.Mask) (roundrect_rratio 0.25)
      (net 1 GNDREF))
    (pad 2 smd roundrect (at 0.875 0) (size 1.05 0.95) (layers B.Cu B.Paste B.Mask) (roundrect_rratio 0.25)
      (net 3 V1))
    (model ${KISYS3DMOD}/Capacitor_SMD.3dshapes/C_0603_1608Metric.wrl
      (at (xyz 0 0 0))
      (scale (xyz 1 1 1))
      (rotate (xyz 0 0 0))
    )
  )

  (module Capacitor_SMD:C_0603_1608Metric_Pad1.05x0.95mm_HandSolder (layer B.Cu) (tedit 5B301BBE) (tstamp 5D7C7E8C)
    (at 92.05 97.53)
    (descr "Capacitor SMD 0603 (1608 Metric), square (rectangular) end terminal, IPC_7351 nominal with elongated pad for handsoldering. (Body size source: http://www.tortai-tech.com/upload/download/2011102023233369053.pdf), generated with kicad-footprint-generator")
    (tags "capacitor handsolder")
    (path /5D4D4C90)
    (attr smd)
    (fp_text reference C5 (at -0.86 -1.05) (layer B.SilkS)
      (effects (font (size 0.9 0.9) (thickness 0.16)) (justify mirror))
    )
    (fp_text value 0.01u (at 0 -1.43) (layer B.Fab) hide
      (effects (font (size 0.5 0.5) (thickness 0.08)) (justify mirror))
    )
    (fp_text user %R (at 0.04 -0.04) (layer B.Fab)
      (effects (font (size 0.5 0.5) (thickness 0.08)) (justify mirror))
    )
    (fp_line (start 1.65 -0.73) (end -1.65 -0.73) (layer B.CrtYd) (width 0.05))
    (fp_line (start 1.65 0.73) (end 1.65 -0.73) (layer B.CrtYd) (width 0.05))
    (fp_line (start -1.65 0.73) (end 1.65 0.73) (layer B.CrtYd) (width 0.05))
    (fp_line (start -1.65 -0.73) (end -1.65 0.73) (layer B.CrtYd) (width 0.05))
    (fp_line (start -0.171267 -0.51) (end 0.171267 -0.51) (layer B.SilkS) (width 0.16))
    (fp_line (start -0.171267 0.51) (end 0.171267 0.51) (layer B.SilkS) (width 0.16))
    (fp_line (start 0.8 -0.4) (end -0.8 -0.4) (layer B.Fab) (width 0.1))
    (fp_line (start 0.8 0.4) (end 0.8 -0.4) (layer B.Fab) (width 0.1))
    (fp_line (start -0.8 0.4) (end 0.8 0.4) (layer B.Fab) (width 0.1))
    (fp_line (start -0.8 -0.4) (end -0.8 0.4) (layer B.Fab) (width 0.1))
    (pad 2 smd roundrect (at 0.875 0) (size 1.05 0.95) (layers B.Cu B.Paste B.Mask) (roundrect_rratio 0.25)
      (net 4 RESET))
    (pad 1 smd roundrect (at -0.875 0) (size 1.05 0.95) (layers B.Cu B.Paste B.Mask) (roundrect_rratio 0.25)
      (net 1 GNDREF))
    (model ${KISYS3DMOD}/Capacitor_SMD.3dshapes/C_0603_1608Metric.wrl
      (at (xyz 0 0 0))
      (scale (xyz 1 1 1))
      (rotate (xyz 0 0 0))
    )
  )

  (module Capacitor_SMD:C_0603_1608Metric_Pad1.05x0.95mm_HandSolder (layer B.Cu) (tedit 5B301BBE) (tstamp 5D7C7E9D)
    (at 87.14 104.55)
    (descr "Capacitor SMD 0603 (1608 Metric), square (rectangular) end terminal, IPC_7351 nominal with elongated pad for handsoldering. (Body size source: http://www.tortai-tech.com/upload/download/2011102023233369053.pdf), generated with kicad-footprint-generator")
    (tags "capacitor handsolder")
    (path /5D02BB50)
    (attr smd)
    (fp_text reference C6 (at -0.01 0.1 180) (layer B.SilkS) hide
      (effects (font (size 0.9 0.9) (thickness 0.16)) (justify mirror))
    )
    (fp_text value 2.2u (at 0 -1.43 180) (layer B.Fab) hide
      (effects (font (size 0.5 0.5) (thickness 0.08)) (justify mirror))
    )
    (fp_line (start -0.8 -0.4) (end -0.8 0.4) (layer B.Fab) (width 0.1))
    (fp_line (start -0.8 0.4) (end 0.8 0.4) (layer B.Fab) (width 0.1))
    (fp_line (start 0.8 0.4) (end 0.8 -0.4) (layer B.Fab) (width 0.1))
    (fp_line (start 0.8 -0.4) (end -0.8 -0.4) (layer B.Fab) (width 0.1))
    (fp_line (start -0.171267 0.51) (end 0.171267 0.51) (layer B.SilkS) (width 0.16))
    (fp_line (start -0.171267 -0.51) (end 0.171267 -0.51) (layer B.SilkS) (width 0.16))
    (fp_line (start -1.65 -0.73) (end -1.65 0.73) (layer B.CrtYd) (width 0.05))
    (fp_line (start -1.65 0.73) (end 1.65 0.73) (layer B.CrtYd) (width 0.05))
    (fp_line (start 1.65 0.73) (end 1.65 -0.73) (layer B.CrtYd) (width 0.05))
    (fp_line (start 1.65 -0.73) (end -1.65 -0.73) (layer B.CrtYd) (width 0.05))
    (fp_text user %R (at -0.01 0.01 180) (layer B.Fab)
      (effects (font (size 0.5 0.5) (thickness 0.08)) (justify mirror))
    )
    (pad 1 smd roundrect (at -0.875 0) (size 1.05 0.95) (layers B.Cu B.Paste B.Mask) (roundrect_rratio 0.25)
      (net 5 "Net-(C6-Pad1)"))
    (pad 2 smd roundrect (at 0.875 0) (size 1.05 0.95) (layers B.Cu B.Paste B.Mask) (roundrect_rratio 0.25)
      (net 1 GNDREF))
    (model ${KISYS3DMOD}/Capacitor_SMD.3dshapes/C_0603_1608Metric.wrl
      (at (xyz 0 0 0))
      (scale (xyz 1 1 1))
      (rotate (xyz 0 0 0))
    )
  )

  (module Capacitor_SMD:C_0603_1608Metric_Pad1.05x0.95mm_HandSolder (layer B.Cu) (tedit 5B301BBE) (tstamp 5D7C7EAE)
    (at 101.17 88.7 180)
    (descr "Capacitor SMD 0603 (1608 Metric), square (rectangular) end terminal, IPC_7351 nominal with elongated pad for handsoldering. (Body size source: http://www.tortai-tech.com/upload/download/2011102023233369053.pdf), generated with kicad-footprint-generator")
    (tags "capacitor handsolder")
    (path /5D77AEB0)
    (attr smd)
    (fp_text reference C7 (at 0.01 0.62 180) (layer B.SilkS) hide
      (effects (font (size 0.9 0.9) (thickness 0.16)) (justify mirror))
    )
    (fp_text value 2.2u (at 0 -1.43 180) (layer B.Fab) hide
      (effects (font (size 0.5 0.5) (thickness 0.08)) (justify mirror))
    )
    (fp_text user %R (at 0 0 180) (layer B.Fab)
      (effects (font (size 0.5 0.5) (thickness 0.08)) (justify mirror))
    )
    (fp_line (start 1.65 -0.73) (end -1.65 -0.73) (layer B.CrtYd) (width 0.05))
    (fp_line (start 1.65 0.73) (end 1.65 -0.73) (layer B.CrtYd) (width 0.05))
    (fp_line (start -1.65 0.73) (end 1.65 0.73) (layer B.CrtYd) (width 0.05))
    (fp_line (start -1.65 -0.73) (end -1.65 0.73) (layer B.CrtYd) (width 0.05))
    (fp_line (start -0.171267 -0.51) (end 0.171267 -0.51) (layer B.SilkS) (width 0.16))
    (fp_line (start -0.171267 0.51) (end 0.171267 0.51) (layer B.SilkS) (width 0.16))
    (fp_line (start 0.8 -0.4) (end -0.8 -0.4) (layer B.Fab) (width 0.1))
    (fp_line (start 0.8 0.4) (end 0.8 -0.4) (layer B.Fab) (width 0.1))
    (fp_line (start -0.8 0.4) (end 0.8 0.4) (layer B.Fab) (width 0.1))
    (fp_line (start -0.8 -0.4) (end -0.8 0.4) (layer B.Fab) (width 0.1))
    (pad 2 smd roundrect (at 0.875 0 180) (size 1.05 0.95) (layers B.Cu B.Paste B.Mask) (roundrect_rratio 0.25)
      (net 6 V3))
    (pad 1 smd roundrect (at -0.875 0 180) (size 1.05 0.95) (layers B.Cu B.Paste B.Mask) (roundrect_rratio 0.25)
      (net 1 GNDREF))
    (model ${KISYS3DMOD}/Capacitor_SMD.3dshapes/C_0603_1608Metric.wrl
      (at (xyz 0 0 0))
      (scale (xyz 1 1 1))
      (rotate (xyz 0 0 0))
    )
  )

  (module Capacitor_SMD:C_0603_1608Metric_Pad1.05x0.95mm_HandSolder (layer B.Cu) (tedit 5B301BBE) (tstamp 5D7C7EBF)
    (at 101.17 90.2 180)
    (descr "Capacitor SMD 0603 (1608 Metric), square (rectangular) end terminal, IPC_7351 nominal with elongated pad for handsoldering. (Body size source: http://www.tortai-tech.com/upload/download/2011102023233369053.pdf), generated with kicad-footprint-generator")
    (tags "capacitor handsolder")
    (path /5D77B0E0)
    (attr smd)
    (fp_text reference C8 (at 0.08 0.41 180) (layer B.SilkS) hide
